epoch: 0	loss: 0.9826507854267416
epoch: 10	loss: 0.14592824441578978
